repeat: 1max_dev_acc: 0.6149347728295097, max_dev_f1: 0.9304347826086956
max_test_acc: 0.9004524886877828, max_test_f1: 0.5905790297339594
