repeat: 1max_dev_acc: 0.8275803416306154, max_dev_f1: 0.8333333333333334
max_test_acc: 0.8405688622754491, max_test_f1: 0.8312744394631092
