repeat: 1max_dev_acc: 0.8345649512980485, max_dev_f1: 0.8408408408408409
max_test_acc: 0.8383233532934131, max_test_f1: 0.8341222888370249
